(kicad_pcb (version 20171130) (host pcbnew 5.0.2-bee76a0~70~ubuntu18.04.1)

  (general
    (thickness 1.6)
    (drawings 6)
    (tracks 564)
    (zones 0)
    (modules 64)
    (nets 39)
  )

  (page A4)
  (layers
    (0 F.Cu signal)
    (31 B.Cu signal)
    (32 B.Adhes user)
    (33 F.Adhes user)
    (34 B.Paste user)
    (35 F.Paste user)
    (36 B.SilkS user)
    (37 F.SilkS user)
    (38 B.Mask user)
    (39 F.Mask user)
    (40 Dwgs.User user)
    (41 Cmts.User user)
    (42 Eco1.User user)
    (43 Eco2.User user)
    (44 Edge.Cuts user)
    (45 Margin user)
    (46 B.CrtYd user)
    (47 F.CrtYd user)
    (48 B.Fab user)
    (49 F.Fab user)
  )

  (setup
    (last_trace_width 0.25)
    (trace_clearance 0.2)
    (zone_clearance 0.3)
    (zone_45_only no)
    (trace_min 0.2)
    (segment_width 0.2)
    (edge_width 0.15)
    (via_size 1.5)
    (via_drill 0.6)
    (via_min_size 0.4)
    (via_min_drill 0.3)
    (uvia_size 0.3)
    (uvia_drill 0.1)
    (uvias_allowed no)
    (uvia_min_size 0.2)
    (uvia_min_drill 0.1)
    (pcb_text_width 0.3)
    (pcb_text_size 1.5 1.5)
    (mod_edge_width 0.15)
    (mod_text_size 1 1)
    (mod_text_width 0.15)
    (pad_size 2 2)
    (pad_drill 0.6)
    (pad_to_mask_clearance 0.051)
    (solder_mask_min_width 0.25)
    (aux_axis_origin 0 0)
    (visible_elements FFFFFF7F)
    (pcbplotparams
      (layerselection 0x00000_fffffffe)
      (usegerberextensions false)
      (usegerberattributes false)
      (usegerberadvancedattributes false)
      (creategerberjobfile false)
      (excludeedgelayer false)
      (linewidth 0.100000)
      (plotframeref false)
      (viasonmask false)
      (mode 1)
      (useauxorigin false)
      (hpglpennumber 1)
      (hpglpenspeed 20)
      (hpglpendiameter 15.000000)
      (psnegative true)
      (psa4output false)
      (plotreference true)
      (plotvalue true)
      (plotinvisibletext false)
      (padsonsilk true)
      (subtractmaskfromsilk false)
      (outputformat 4)
      (mirror false)
      (drillshape 2)
      (scaleselection 1)
      (outputdirectory "out/"))
  )

  (net 0 "")
  (net 1 GNDPWR)
  (net 2 VCC)
  (net 3 "Net-(C2-Pad1)")
  (net 4 "Net-(C4-Pad2)")
  (net 5 "Net-(C5-Pad2)")
  (net 6 "Net-(C6-Pad1)")
  (net 7 "Net-(C7-Pad1)")
  (net 8 "Net-(C8-Pad2)")
  (net 9 "Net-(C8-Pad1)")
  (net 10 "Net-(C10-Pad1)")
  (net 11 "Net-(C11-Pad1)")
  (net 12 "Net-(C11-Pad2)")
  (net 13 "Net-(C12-Pad1)")
  (net 14 "Net-(C13-Pad2)")
  (net 15 osc_out)
  (net 16 "Net-(C14-Pad2)")
  (net 17 "Net-(C14-Pad1)")
  (net 18 "Net-(C16-Pad2)")
  (net 19 "Net-(C20-Pad1)")
  (net 20 "Net-(C21-Pad1)")
  (net 21 "Net-(C22-Pad1)")
  (net 22 "Net-(C23-Pad2)")
  (net 23 "Net-(C24-Pad3)")
  (net 24 IF_OUT)
  (net 25 "Net-(C25-Pad1)")
  (net 26 "Net-(C26-Pad1)")
  (net 27 "Net-(C26-Pad3)")
  (net 28 "Net-(DA1-Pad6)")
  (net 29 CL_IN)
  (net 30 "Net-(J1-Pad1)")
  (net 31 "Net-(J3-Pad1)")
  (net 32 "Net-(L3-Pad2)")
  (net 33 "Net-(L7-Pad4)")
  (net 34 VT)
  (net 35 "Net-(R1-Pad1)")
  (net 36 "Net-(R5-Pad2)")
  (net 37 "Net-(R8-Pad1)")
  (net 38 "Net-(R11-Pad1)")

  (net_class Default "This is the default net class."
    (clearance 0.2)
    (trace_width 0.25)
    (via_dia 1.5)
    (via_drill 0.6)
    (uvia_dia 0.3)
    (uvia_drill 0.1)
    (add_net CL_IN)
    (add_net GNDPWR)
    (add_net IF_OUT)
    (add_net "Net-(C10-Pad1)")
    (add_net "Net-(C11-Pad1)")
    (add_net "Net-(C11-Pad2)")
    (add_net "Net-(C12-Pad1)")
    (add_net "Net-(C13-Pad2)")
    (add_net "Net-(C14-Pad1)")
    (add_net "Net-(C14-Pad2)")
    (add_net "Net-(C16-Pad2)")
    (add_net "Net-(C2-Pad1)")
    (add_net "Net-(C20-Pad1)")
    (add_net "Net-(C21-Pad1)")
    (add_net "Net-(C22-Pad1)")
    (add_net "Net-(C23-Pad2)")
    (add_net "Net-(C24-Pad3)")
    (add_net "Net-(C25-Pad1)")
    (add_net "Net-(C26-Pad1)")
    (add_net "Net-(C26-Pad3)")
    (add_net "Net-(C4-Pad2)")
    (add_net "Net-(C5-Pad2)")
    (add_net "Net-(C6-Pad1)")
    (add_net "Net-(C7-Pad1)")
    (add_net "Net-(C8-Pad1)")
    (add_net "Net-(C8-Pad2)")
    (add_net "Net-(DA1-Pad6)")
    (add_net "Net-(J1-Pad1)")
    (add_net "Net-(J3-Pad1)")
    (add_net "Net-(L3-Pad2)")
    (add_net "Net-(L7-Pad4)")
    (add_net "Net-(R1-Pad1)")
    (add_net "Net-(R11-Pad1)")
    (add_net "Net-(R5-Pad2)")
    (add_net "Net-(R8-Pad1)")
    (add_net VCC)
    (add_net VT)
    (add_net osc_out)
  )

  (module tuner_LA1175:SMA_Molex_73251-2120_EdgeMount_Horizontal (layer F.Cu) (tedit 5F9801CE) (tstamp 5F9B7574)
    (at 96.25 45.25)
    (descr "Molex SMA RF Connector, Edge Mount, (http://www.molex.com/pdm_docs/sd/732512120_sd.pdf)")
    (tags "sma edge")
    (path /5F6BB308)
    (attr smd)
    (fp_text reference J1 (at -0.705 6.1) (layer F.SilkS)
      (effects (font (size 1 1) (thickness 0.15)))
    )
    (fp_text value Conn_Coaxial (at -0.1 -6.2) (layer F.Fab)
      (effects (font (size 1 1) (thickness 0.15)))
    )
    (fp_text user "PCB Edge" (at 2.155 0 270) (layer Dwgs.User)
      (effects (font (size 0.5 0.5) (thickness 0.08)))
    )
    (fp_line (start 2.9 0) (end 2.095 0.635) (layer F.Fab) (width 0.1))
    (fp_line (start 2.095 -0.635) (end 2.9 0) (layer F.Fab) (width 0.1))
    (fp_line (start -4 -5.3) (end 12 -5.3) (layer B.CrtYd) (width 0.05))
    (fp_line (start 12 -5.3) (end 12 5.3) (layer B.CrtYd) (width 0.05))
    (fp_line (start 12 5.3) (end -4 5.3) (layer B.CrtYd) (width 0.05))
    (fp_line (start -4 -5.3) (end -4 5.3) (layer B.CrtYd) (width 0.05))
    (fp_line (start -1.715 3.175) (end -1.715 2.155) (layer F.Fab) (width 0.1))
    (fp_text user %R (at 9.095 0) (layer F.Fab)
      (effects (font (size 1 1) (thickness 0.15)))
    )
    (fp_line (start -2.9 0.25) (end -2.9 -0.25) (layer F.Fab) (width 0.1))
    (fp_line (start -2.4 0) (end -2.9 0.25) (layer F.Fab) (width 0.1))
    (fp_line (start -2.9 -0.25) (end -2.4 0) (layer F.Fab) (width 0.1))
    (fp_line (start -2.9 0.25) (end -2.4 0) (layer F.SilkS) (width 0.12))
    (fp_line (start -2.9 -0.25) (end -2.9 0.25) (layer F.SilkS) (width 0.12))
    (fp_line (start -2.4 0) (end -2.9 -0.25) (layer F.SilkS) (width 0.12))
    (fp_line (start 2.095 -0.635) (end -1.715 -0.635) (layer F.Fab) (width 0.1))
    (fp_line (start 2.095 0.635) (end -1.715 0.635) (layer F.Fab) (width 0.1))
    (fp_line (start -1.715 -0.635) (end -1.715 0.635) (layer F.Fab) (width 0.1))
    (fp_line (start -1.715 -3.175) (end -1.715 -2.155) (layer F.Fab) (width 0.1))
    (fp_line (start 12 -5.3) (end 12 5.3) (layer F.CrtYd) (width 0.05))
    (fp_line (start 12 5.3) (end -4 5.3) (layer F.CrtYd) (width 0.05))
    (fp_line (start -4 -5.3) (end -4 5.3) (layer F.CrtYd) (width 0.05))
    (fp_line (start -4 -5.3) (end 12 -5.3) (layer F.CrtYd) (width 0.05))
    (fp_line (start 2.095 -2.155) (end -1.715 -2.155) (layer F.Fab) (width 0.1))
    (fp_line (start 2.095 2.155) (end -1.715 2.155) (layer F.Fab) (width 0.1))
    (fp_line (start 11 -2.6) (end 3.1 -2.6) (layer F.Fab) (width 0.1))
    (fp_line (start 11 -2.6) (end 11 2.6) (layer F.Fab) (width 0.1))
    (fp_line (start 11 2.6) (end 3.1 2.6) (layer F.Fab) (width 0.1))
    (fp_line (start 2.095 -2.155) (end 2.095 2.155) (layer F.Fab) (width 0.1))
    (fp_line (start -1.715 -3.175) (end 3.115 -3.175) (layer F.Fab) (width 0.1))
    (fp_line (start 3.115 -3.175) (end 3.115 3.175) (layer F.Fab) (width 0.1))
    (fp_line (start 3.115 3.175) (end -1.715 3.175) (layer F.Fab) (width 0.1))
    (pad 2 smd rect (at -2.54 2.5) (size 0.89 0.46) (layers B.Cu)
      (net 1 GNDPWR))
    (pad 2 thru_hole circle (at -3 2.5) (size 2 2) (drill 0.6) (layers *.Cu)
      (net 1 GNDPWR))
    (pad 2 smd rect (at -2.54 2.5) (size 0.89 0.46) (layers F.Cu)
      (net 1 GNDPWR))
    (pad 2 smd rect (at 0 -2.5) (size 4.19 2) (layers B.Cu B.Paste B.Mask)
      (net 1 GNDPWR))
    (pad 2 smd rect (at 0 -2.5) (size 4.19 2) (layers F.Cu F.Paste F.Mask)
      (net 1 GNDPWR))
    (pad 2 smd rect (at 0 2.5) (size 4.19 2) (layers B.Cu B.Paste B.Mask)
      (net 1 GNDPWR))
    (pad 1 smd rect (at 0 0) (size 4.19 1.78) (layers F.Cu F.Paste F.Mask)
      (net 30 "Net-(J1-Pad1)"))
    (pad 2 smd rect (at 0 2.5) (size 4.19 2) (layers F.Cu F.Paste F.Mask)
      (net 1 GNDPWR))
    (pad 2 thru_hole circle (at -2.985 -2.5) (size 2 2) (drill 0.6) (layers *.Cu)
      (net 1 GNDPWR))
    (pad 2 smd rect (at -2.54 -2.5) (size 0.89 0.46) (layers F.Cu)
      (net 1 GNDPWR))
    (pad 2 smd rect (at -2.54 -2.5) (size 0.89 0.46) (layers B.Cu)
      (net 1 GNDPWR))
    (model ${KIPRJMOD}/3D_models/732511153.stp
      (offset (xyz 9 0 0))
      (scale (xyz 0.7 0.7 0.7))
      (rotate (xyz -180 180 0))
    )
  )

  (module tuner_LA1175:SMA_Molex_73251-2120_EdgeMount_Horizontal (layer F.Cu) (tedit 5F980036) (tstamp 5F9B7546)
    (at 28.5 45.75 180)
    (descr "Molex SMA RF Connector, Edge Mount, (http://www.molex.com/pdm_docs/sd/732512120_sd.pdf)")
    (tags "sma edge")
    (path /5F7E7B39)
    (attr smd)
    (fp_text reference J2 (at -0.705 6.1 180) (layer F.SilkS)
      (effects (font (size 1 1) (thickness 0.15)))
    )
    (fp_text value Conn_Coaxial (at -0.1 -6.2 180) (layer F.Fab)
      (effects (font (size 1 1) (thickness 0.15)))
    )
    (fp_line (start 3.115 3.175) (end -1.715 3.175) (layer F.Fab) (width 0.1))
    (fp_line (start 3.115 -3.175) (end 3.115 3.175) (layer F.Fab) (width 0.1))
    (fp_line (start -1.715 -3.175) (end 3.115 -3.175) (layer F.Fab) (width 0.1))
    (fp_line (start 2.095 -2.155) (end 2.095 2.155) (layer F.Fab) (width 0.1))
    (fp_line (start 11 2.6) (end 3.1 2.6) (layer F.Fab) (width 0.1))
    (fp_line (start 11 -2.6) (end 11 2.6) (layer F.Fab) (width 0.1))
    (fp_line (start 11 -2.6) (end 3.1 -2.6) (layer F.Fab) (width 0.1))
    (fp_line (start 2.095 2.155) (end -1.715 2.155) (layer F.Fab) (width 0.1))
    (fp_line (start 2.095 -2.155) (end -1.715 -2.155) (layer F.Fab) (width 0.1))
    (fp_line (start -4 -5.3) (end 12 -5.3) (layer F.CrtYd) (width 0.05))
    (fp_line (start -4 -5.3) (end -4 5.3) (layer F.CrtYd) (width 0.05))
    (fp_line (start 12 5.3) (end -4 5.3) (layer F.CrtYd) (width 0.05))
    (fp_line (start 12 -5.3) (end 12 5.3) (layer F.CrtYd) (width 0.05))
    (fp_line (start -1.715 -3.175) (end -1.715 -2.155) (layer F.Fab) (width 0.1))
    (fp_line (start -1.715 -0.635) (end -1.715 0.635) (layer F.Fab) (width 0.1))
    (fp_line (start 2.095 0.635) (end -1.715 0.635) (layer F.Fab) (width 0.1))
    (fp_line (start 2.095 -0.635) (end -1.715 -0.635) (layer F.Fab) (width 0.1))
    (fp_line (start -2.4 0) (end -2.9 -0.25) (layer F.SilkS) (width 0.12))
    (fp_line (start -2.9 -0.25) (end -2.9 0.25) (layer F.SilkS) (width 0.12))
    (fp_line (start -2.9 0.25) (end -2.4 0) (layer F.SilkS) (width 0.12))
    (fp_line (start -2.9 -0.25) (end -2.4 0) (layer F.Fab) (width 0.1))
    (fp_line (start -2.4 0) (end -2.9 0.25) (layer F.Fab) (width 0.1))
    (fp_line (start -2.9 0.25) (end -2.9 -0.25) (layer F.Fab) (width 0.1))
    (fp_text user %R (at 9.095 0 180) (layer F.Fab)
      (effects (font (size 1 1) (thickness 0.15)))
    )
    (fp_line (start -1.715 3.175) (end -1.715 2.155) (layer F.Fab) (width 0.1))
    (fp_line (start -4 -5.3) (end -4 5.3) (layer B.CrtYd) (width 0.05))
    (fp_line (start 12 5.3) (end -4 5.3) (layer B.CrtYd) (width 0.05))
    (fp_line (start 12 -5.3) (end 12 5.3) (layer B.CrtYd) (width 0.05))
    (fp_line (start -4 -5.3) (end 12 -5.3) (layer B.CrtYd) (width 0.05))
    (fp_line (start 2.095 -0.635) (end 2.9 0) (layer F.Fab) (width 0.1))
    (fp_line (start 2.9 0) (end 2.095 0.635) (layer F.Fab) (width 0.1))
    (fp_text user "PCB Edge" (at 2.155 0 90) (layer Dwgs.User)
      (effects (font (size 0.5 0.5) (thickness 0.08)))
    )
    (pad 2 smd rect (at -2.54 -2.5 180) (size 0.89 0.46) (layers B.Cu)
      (net 1 GNDPWR))
    (pad 2 smd rect (at -2.54 -2.5 180) (size 0.89 0.46) (layers F.Cu)
      (net 1 GNDPWR))
    (pad 2 thru_hole circle (at -2.985 -2.5 180) (size 2 2) (drill 0.6) (layers *.Cu)
      (net 1 GNDPWR))
    (pad 2 smd rect (at 0 2.5 180) (size 4.19 2) (layers F.Cu F.Paste F.Mask)
      (net 1 GNDPWR))
    (pad 1 smd rect (at 0 0 180) (size 4.19 1.78) (layers F.Cu F.Paste F.Mask)
      (net 15 osc_out))
    (pad 2 smd rect (at 0 2.5 180) (size 4.19 2) (layers B.Cu B.Paste B.Mask)
      (net 1 GNDPWR))
    (pad 2 smd rect (at 0 -2.5 180) (size 4.19 2) (layers F.Cu F.Paste F.Mask)
      (net 1 GNDPWR))
    (pad 2 smd rect (at 0 -2.5 180) (size 4.19 2) (layers B.Cu B.Paste B.Mask)
      (net 1 GNDPWR))
    (pad 2 smd rect (at -2.54 2.5 180) (size 0.89 0.46) (layers F.Cu)
      (net 1 GNDPWR))
    (pad 2 thru_hole circle (at -3 2.5 180) (size 2 2) (drill 0.6) (layers *.Cu)
      (net 1 GNDPWR))
    (pad 2 smd rect (at -2.54 2.5 180) (size 0.89 0.46) (layers B.Cu)
      (net 1 GNDPWR))
    (model ${KIPRJMOD}/3D_models/732511153.stp
      (offset (xyz 9 0 0))
      (scale (xyz 0.7 0.7 0.7))
      (rotate (xyz -180 180 0))
    )
  )

  (module tuner_LA1175:SMA_Molex_73251-2120_EdgeMount_Horizontal (layer F.Cu) (tedit 5F98001E) (tstamp 5F9B7518)
    (at 28.5 30.5 180)
    (descr "Molex SMA RF Connector, Edge Mount, (http://www.molex.com/pdm_docs/sd/732512120_sd.pdf)")
    (tags "sma edge")
    (path /5F6BBF78)
    (attr smd)
    (fp_text reference J3 (at -0.705 6.1 180) (layer F.SilkS)
      (effects (font (size 1 1) (thickness 0.15)))
    )
    (fp_text value Conn_Coaxial (at -0.1 -6.2 180) (layer F.Fab)
      (effects (font (size 1 1) (thickness 0.15)))
    )
    (fp_text user "PCB Edge" (at 2.155 0 90) (layer Dwgs.User)
      (effects (font (size 0.5 0.5) (thickness 0.08)))
    )
    (fp_line (start 2.9 0) (end 2.095 0.635) (layer F.Fab) (width 0.1))
    (fp_line (start 2.095 -0.635) (end 2.9 0) (layer F.Fab) (width 0.1))
    (fp_line (start -4 -5.3) (end 12 -5.3) (layer B.CrtYd) (width 0.05))
    (fp_line (start 12 -5.3) (end 12 5.3) (layer B.CrtYd) (width 0.05))
    (fp_line (start 12 5.3) (end -4 5.3) (layer B.CrtYd) (width 0.05))
    (fp_line (start -4 -5.3) (end -4 5.3) (layer B.CrtYd) (width 0.05))
    (fp_line (start -1.715 3.175) (end -1.715 2.155) (layer F.Fab) (width 0.1))
    (fp_text user %R (at 9.095 0 180) (layer F.Fab)
      (effects (font (size 1 1) (thickness 0.15)))
    )
    (fp_line (start -2.9 0.25) (end -2.9 -0.25) (layer F.Fab) (width 0.1))
    (fp_line (start -2.4 0) (end -2.9 0.25) (layer F.Fab) (width 0.1))
    (fp_line (start -2.9 -0.25) (end -2.4 0) (layer F.Fab) (width 0.1))
    (fp_line (start -2.9 0.25) (end -2.4 0) (layer F.SilkS) (width 0.12))
    (fp_line (start -2.9 -0.25) (end -2.9 0.25) (layer F.SilkS) (width 0.12))
    (fp_line (start -2.4 0) (end -2.9 -0.25) (layer F.SilkS) (width 0.12))
    (fp_line (start 2.095 -0.635) (end -1.715 -0.635) (layer F.Fab) (width 0.1))
    (fp_line (start 2.095 0.635) (end -1.715 0.635) (layer F.Fab) (width 0.1))
    (fp_line (start -1.715 -0.635) (end -1.715 0.635) (layer F.Fab) (width 0.1))
    (fp_line (start -1.715 -3.175) (end -1.715 -2.155) (layer F.Fab) (width 0.1))
    (fp_line (start 12 -5.3) (end 12 5.3) (layer F.CrtYd) (width 0.05))
    (fp_line (start 12 5.3) (end -4 5.3) (layer F.CrtYd) (width 0.05))
    (fp_line (start -4 -5.3) (end -4 5.3) (layer F.CrtYd) (width 0.05))
    (fp_line (start -4 -5.3) (end 12 -5.3) (layer F.CrtYd) (width 0.05))
    (fp_line (start 2.095 -2.155) (end -1.715 -2.155) (layer F.Fab) (width 0.1))
    (fp_line (start 2.095 2.155) (end -1.715 2.155) (layer F.Fab) (width 0.1))
    (fp_line (start 11 -2.6) (end 3.1 -2.6) (layer F.Fab) (width 0.1))
    (fp_line (start 11 -2.6) (end 11 2.6) (layer F.Fab) (width 0.1))
    (fp_line (start 11 2.6) (end 3.1 2.6) (layer F.Fab) (width 0.1))
    (fp_line (start 2.095 -2.155) (end 2.095 2.155) (layer F.Fab) (width 0.1))
    (fp_line (start -1.715 -3.175) (end 3.115 -3.175) (layer F.Fab) (width 0.1))
    (fp_line (start 3.115 -3.175) (end 3.115 3.175) (layer F.Fab) (width 0.1))
    (fp_line (start 3.115 3.175) (end -1.715 3.175) (layer F.Fab) (width 0.1))
    (pad 2 smd rect (at -2.54 2.5 180) (size 0.89 0.46) (layers B.Cu)
      (net 1 GNDPWR))
    (pad 2 thru_hole circle (at -3 2.5 180) (size 2 2) (drill 0.6) (layers *.Cu)
      (net 1 GNDPWR))
    (pad 2 smd rect (at -2.54 2.5 180) (size 0.89 0.46) (layers F.Cu)
      (net 1 GNDPWR))
    (pad 2 smd rect (at 0 -2.5 180) (size 4.19 2) (layers B.Cu B.Paste B.Mask)
      (net 1 GNDPWR))
    (pad 2 smd rect (at 0 -2.5 180) (size 4.19 2) (layers F.Cu F.Paste F.Mask)
      (net 1 GNDPWR))
    (pad 2 smd rect (at 0 2.5 180) (size 4.19 2) (layers B.Cu B.Paste B.Mask)
      (net 1 GNDPWR))
    (pad 1 smd rect (at 0 0 180) (size 4.19 1.78) (layers F.Cu F.Paste F.Mask)
      (net 31 "Net-(J3-Pad1)"))
    (pad 2 smd rect (at 0 2.5 180) (size 4.19 2) (layers F.Cu F.Paste F.Mask)
      (net 1 GNDPWR))
    (pad 2 thru_hole circle (at -2.985 -2.5 180) (size 2 2) (drill 0.6) (layers *.Cu)
      (net 1 GNDPWR))
    (pad 2 smd rect (at -2.54 -2.5 180) (size 0.89 0.46) (layers F.Cu)
      (net 1 GNDPWR))
    (pad 2 smd rect (at -2.54 -2.5 180) (size 0.89 0.46) (layers B.Cu)
      (net 1 GNDPWR))
    (model ${KIPRJMOD}/3D_models/732511153.stp
      (offset (xyz 9 0 0))
      (scale (xyz 0.7 0.7 0.7))
      (rotate (xyz -180 180 0))
    )
  )

  (module Capacitor_Tantalum_SMD:CP_EIA-3528-21_Kemet-B_Pad1.50x2.35mm_HandSolder (layer F.Cu) (tedit 5B342532) (tstamp 5F8A4586)
    (at 53 61.25 270)
    (descr "Tantalum Capacitor SMD Kemet-B (3528-21 Metric), IPC_7351 nominal, (Body size from: http://www.kemet.com/Lists/ProductCatalog/Attachments/253/KEM_TC101_STD.pdf), generated with kicad-footprint-generator")
    (tags "capacitor tantalum")
    (path /5F6EECC4)
    (attr smd)
    (fp_text reference C1 (at 0 -2.35 270) (layer F.SilkS)
      (effects (font (size 1 1) (thickness 0.15)))
    )
    (fp_text value 10mk (at 0 2.35 270) (layer F.Fab)
      (effects (font (size 1 1) (thickness 0.15)))
    )
    (fp_text user %R (at 0 0 270) (layer F.Fab)
      (effects (font (size 0.88 0.88) (thickness 0.13)))
    )
    (fp_line (start 2.62 1.65) (end -2.62 1.65) (layer F.CrtYd) (width 0.05))
    (fp_line (start 2.62 -1.65) (end 2.62 1.65) (layer F.CrtYd) (width 0.05))
    (fp_line (start -2.62 -1.65) (end 2.62 -1.65) (layer F.CrtYd) (width 0.05))
    (fp_line (start -2.62 1.65) (end -2.62 -1.65) (layer F.CrtYd) (width 0.05))
    (fp_line (start -2.635 1.51) (end 1.75 1.51) (layer F.SilkS) (width 0.12))
    (fp_line (start -2.635 -1.51) (end -2.635 1.51) (layer F.SilkS) (width 0.12))
    (fp_line (start 1.75 -1.51) (end -2.635 -1.51) (layer F.SilkS) (width 0.12))
    (fp_line (start 1.75 1.4) (end 1.75 -1.4) (layer F.Fab) (width 0.1))
    (fp_line (start -1.75 1.4) (end 1.75 1.4) (layer F.Fab) (width 0.1))
    (fp_line (start -1.75 -0.7) (end -1.75 1.4) (layer F.Fab) (width 0.1))
    (fp_line (start -1.05 -1.4) (end -1.75 -0.7) (layer F.Fab) (width 0.1))
    (fp_line (start 1.75 -1.4) (end -1.05 -1.4) (layer F.Fab) (width 0.1))
    (pad 2 smd roundrect (at 1.625 0 270) (size 1.5 2.35) (layers F.Cu F.Paste F.Mask) (roundrect_rratio 0.166667)
      (net 1 GNDPWR))
    (pad 1 smd roundrect (at -1.625 0 270) (size 1.5 2.35) (layers F.Cu F.Paste F.Mask) (roundrect_rratio 0.166667)
      (net 2 VCC))
    (model ${KISYS3DMOD}/Capacitor_Tantalum_SMD.3dshapes/CP_EIA-3528-21_Kemet-B.wrl
      (at (xyz 0 0 0))
      (scale (xyz 1 1 1))
      (rotate (xyz 0 0 0))
    )
  )

  (module Capacitor_SMD:C_0805_2012Metric (layer F.Cu) (tedit 5B36C52B) (tstamp 5F8A4554)
    (at 82 43.25 90)
    (descr "Capacitor SMD 0805 (2012 Metric), square (rectangular) end terminal, IPC_7351 nominal, (Body size source: https://docs.google.com/spreadsheets/d/1BsfQQcO9C6DZCsRaXUlFlo91Tg2WpOkGARC1WS5S8t0/edit?usp=sharing), generated with kicad-footprint-generator")
    (tags capacitor)
    (path /5F67E888)
    (attr smd)
    (fp_text reference C2 (at 0 -1.65 90) (layer F.SilkS)
      (effects (font (size 1 1) (thickness 0.15)))
    )
    (fp_text value 10 (at 0 1.65 90) (layer F.Fab)
      (effects (font (size 1 1) (thickness 0.15)))
    )
    (fp_line (start -1 0.6) (end -1 -0.6) (layer F.Fab) (width 0.1))
    (fp_line (start -1 -0.6) (end 1 -0.6) (layer F.Fab) (width 0.1))
    (fp_line (start 1 -0.6) (end 1 0.6) (layer F.Fab) (width 0.1))
    (fp_line (start 1 0.6) (end -1 0.6) (layer F.Fab) (width 0.1))
    (fp_line (start -0.258578 -0.71) (end 0.258578 -0.71) (layer F.SilkS) (width 0.12))
    (fp_line (start -0.258578 0.71) (end 0.258578 0.71) (layer F.SilkS) (width 0.12))
    (fp_line (start -1.68 0.95) (end -1.68 -0.95) (layer F.CrtYd) (width 0.05))
    (fp_line (start -1.68 -0.95) (end 1.68 -0.95) (layer F.CrtYd) (width 0.05))
    (fp_line (start 1.68 -0.95) (end 1.68 0.95) (layer F.CrtYd) (width 0.05))
    (fp_line (start 1.68 0.95) (end -1.68 0.95) (layer F.CrtYd) (width 0.05))
    (fp_text user %R (at 0 0 90) (layer F.Fab)
      (effects (font (size 0.5 0.5) (thickness 0.08)))
    )
    (pad 1 smd roundrect (at -0.9375 0 90) (size 0.975 1.4) (layers F.Cu F.Paste F.Mask) (roundrect_rratio 0.25)
      (net 3 "Net-(C2-Pad1)"))
    (pad 2 smd roundrect (at 0.9375 0 90) (size 0.975 1.4) (layers F.Cu F.Paste F.Mask) (roundrect_rratio 0.25)
      (net 1 GNDPWR))
    (model ${KISYS3DMOD}/Capacitor_SMD.3dshapes/C_0805_2012Metric.wrl
      (at (xyz 0 0 0))
      (scale (xyz 1 1 1))
      (rotate (xyz 0 0 0))
    )
  )

  (module Capacitor_SMD:C_0805_2012Metric (layer F.Cu) (tedit 5B36C52B) (tstamp 5F8A4524)
    (at 56 61.25 270)
    (descr "Capacitor SMD 0805 (2012 Metric), square (rectangular) end terminal, IPC_7351 nominal, (Body size source: https://docs.google.com/spreadsheets/d/1BsfQQcO9C6DZCsRaXUlFlo91Tg2WpOkGARC1WS5S8t0/edit?usp=sharing), generated with kicad-footprint-generator")
    (tags capacitor)
    (path /5F6FB64F)
    (attr smd)
    (fp_text reference C3 (at 0 -1.65 270) (layer F.SilkS)
      (effects (font (size 1 1) (thickness 0.15)))
    )
    (fp_text value 0.1mk (at 0 1.65 270) (layer F.Fab)
      (effects (font (size 1 1) (thickness 0.15)))
    )
    (fp_text user %R (at 0 0 270) (layer F.Fab)
      (effects (font (size 0.5 0.5) (thickness 0.08)))
    )
    (fp_line (start 1.68 0.95) (end -1.68 0.95) (layer F.CrtYd) (width 0.05))
    (fp_line (start 1.68 -0.95) (end 1.68 0.95) (layer F.CrtYd) (width 0.05))
    (fp_line (start -1.68 -0.95) (end 1.68 -0.95) (layer F.CrtYd) (width 0.05))
    (fp_line (start -1.68 0.95) (end -1.68 -0.95) (layer F.CrtYd) (width 0.05))
    (fp_line (start -0.258578 0.71) (end 0.258578 0.71) (layer F.SilkS) (width 0.12))
    (fp_line (start -0.258578 -0.71) (end 0.258578 -0.71) (layer F.SilkS) (width 0.12))
    (fp_line (start 1 0.6) (end -1 0.6) (layer F.Fab) (width 0.1))
    (fp_line (start 1 -0.6) (end 1 0.6) (layer F.Fab) (width 0.1))
    (fp_line (start -1 -0.6) (end 1 -0.6) (layer F.Fab) (width 0.1))
    (fp_line (start -1 0.6) (end -1 -0.6) (layer F.Fab) (width 0.1))
    (pad 2 smd roundrect (at 0.9375 0 270) (size 0.975 1.4) (layers F.Cu F.Paste F.Mask) (roundrect_rratio 0.25)
      (net 1 GNDPWR))
    (pad 1 smd roundrect (at -0.9375 0 270) (size 0.975 1.4) (layers F.Cu F.Paste F.Mask) (roundrect_rratio 0.25)
      (net 2 VCC))
    (model ${KISYS3DMOD}/Capacitor_SMD.3dshapes/C_0805_2012Metric.wrl
      (at (xyz 0 0 0))
      (scale (xyz 1 1 1))
      (rotate (xyz 0 0 0))
    )
  )

  (module Capacitor_SMD:C_0805_2012Metric (layer F.Cu) (tedit 5B36C52B) (tstamp 5F8A44F4)
    (at 82 48.75 270)
    (descr "Capacitor SMD 0805 (2012 Metric), square (rectangular) end terminal, IPC_7351 nominal, (Body size source: https://docs.google.com/spreadsheets/d/1BsfQQcO9C6DZCsRaXUlFlo91Tg2WpOkGARC1WS5S8t0/edit?usp=sharing), generated with kicad-footprint-generator")
    (tags capacitor)
    (path /5F688688)
    (attr smd)
    (fp_text reference C4 (at 0 -1.65 270) (layer F.SilkS)
      (effects (font (size 1 1) (thickness 0.15)))
    )
    (fp_text value 39 (at 0 1.65 270) (layer F.Fab)
      (effects (font (size 1 1) (thickness 0.15)))
    )
    (fp_line (start -1 0.6) (end -1 -0.6) (layer F.Fab) (width 0.1))
    (fp_line (start -1 -0.6) (end 1 -0.6) (layer F.Fab) (width 0.1))
    (fp_line (start 1 -0.6) (end 1 0.6) (layer F.Fab) (width 0.1))
    (fp_line (start 1 0.6) (end -1 0.6) (layer F.Fab) (width 0.1))
    (fp_line (start -0.258578 -0.71) (end 0.258578 -0.71) (layer F.SilkS) (width 0.12))
    (fp_line (start -0.258578 0.71) (end 0.258578 0.71) (layer F.SilkS) (width 0.12))
    (fp_line (start -1.68 0.95) (end -1.68 -0.95) (layer F.CrtYd) (width 0.05))
    (fp_line (start -1.68 -0.95) (end 1.68 -0.95) (layer F.CrtYd) (width 0.05))
    (fp_line (start 1.68 -0.95) (end 1.68 0.95) (layer F.CrtYd) (width 0.05))
    (fp_line (start 1.68 0.95) (end -1.68 0.95) (layer F.CrtYd) (width 0.05))
    (fp_text user %R (at 0 0 270) (layer F.Fab)
      (effects (font (size 0.5 0.5) (thickness 0.08)))
    )
    (pad 1 smd roundrect (at -0.9375 0 270) (size 0.975 1.4) (layers F.Cu F.Paste F.Mask) (roundrect_rratio 0.25)
      (net 3 "Net-(C2-Pad1)"))
    (pad 2 smd roundrect (at 0.9375 0 270) (size 0.975 1.4) (layers F.Cu F.Paste F.Mask) (roundrect_rratio 0.25)
      (net 4 "Net-(C4-Pad2)"))
    (model ${KISYS3DMOD}/Capacitor_SMD.3dshapes/C_0805_2012Metric.wrl
      (at (xyz 0 0 0))
      (scale (xyz 1 1 1))
      (rotate (xyz 0 0 0))
    )
  )

  (module Capacitor_SMD:C_0805_2012Metric (layer F.Cu) (tedit 5B36C52B) (tstamp 5F8A44C4)
    (at 72 42.25 270)
    (descr "Capacitor SMD 0805 (2012 Metric), square (rectangular) end terminal, IPC_7351 nominal, (Body size source: https://docs.google.com/spreadsheets/d/1BsfQQcO9C6DZCsRaXUlFlo91Tg2WpOkGARC1WS5S8t0/edit?usp=sharing), generated with kicad-footprint-generator")
    (tags capacitor)
    (path /5F68ADBF)
    (attr smd)
    (fp_text reference C5 (at 0 -1.65 270) (layer F.SilkS)
      (effects (font (size 1 1) (thickness 0.15)))
    )
    (fp_text value 1000 (at 0 1.65 270) (layer F.Fab)
      (effects (font (size 1 1) (thickness 0.15)))
    )
    (fp_text user %R (at 0 0 270) (layer F.Fab)
      (effects (font (size 0.5 0.5) (thickness 0.08)))
    )
    (fp_line (start 1.68 0.95) (end -1.68 0.95) (layer F.CrtYd) (width 0.05))
    (fp_line (start 1.68 -0.95) (end 1.68 0.95) (layer F.CrtYd) (width 0.05))
    (fp_line (start -1.68 -0.95) (end 1.68 -0.95) (layer F.CrtYd) (width 0.05))
    (fp_line (start -1.68 0.95) (end -1.68 -0.95) (layer F.CrtYd) (width 0.05))
    (fp_line (start -0.258578 0.71) (end 0.258578 0.71) (layer F.SilkS) (width 0.12))
    (fp_line (start -0.258578 -0.71) (end 0.258578 -0.71) (layer F.SilkS) (width 0.12))
    (fp_line (start 1 0.6) (end -1 0.6) (layer F.Fab) (width 0.1))
    (fp_line (start 1 -0.6) (end 1 0.6) (layer F.Fab) (width 0.1))
    (fp_line (start -1 -0.6) (end 1 -0.6) (layer F.Fab) (width 0.1))
    (fp_line (start -1 0.6) (end -1 -0.6) (layer F.Fab) (width 0.1))
    (pad 2 smd roundrect (at 0.9375 0 270) (size 0.975 1.4) (layers F.Cu F.Paste F.Mask) (roundrect_rratio 0.25)
      (net 5 "Net-(C5-Pad2)"))
    (pad 1 smd roundrect (at -0.9375 0 270) (size 0.975 1.4) (layers F.Cu F.Paste F.Mask) (roundrect_rratio 0.25)
      (net 4 "Net-(C4-Pad2)"))
    (model ${KISYS3DMOD}/Capacitor_SMD.3dshapes/C_0805_2012Metric.wrl
      (at (xyz 0 0 0))
      (scale (xyz 1 1 1))
      (rotate (xyz 0 0 0))
    )
  )

  (module Capacitor_SMD:C_0805_2012Metric (layer F.Cu) (tedit 5B36C52B) (tstamp 5F8A4494)
    (at 73 31.25)
    (descr "Capacitor SMD 0805 (2012 Metric), square (rectangular) end terminal, IPC_7351 nominal, (Body size source: https://docs.google.com/spreadsheets/d/1BsfQQcO9C6DZCsRaXUlFlo91Tg2WpOkGARC1WS5S8t0/edit?usp=sharing), generated with kicad-footprint-generator")
    (tags capacitor)
    (path /5F696A05)
    (attr smd)
    (fp_text reference C6 (at 0 -1.65) (layer F.SilkS)
      (effects (font (size 1 1) (thickness 0.15)))
    )
    (fp_text value 0,022mk (at 0 1.65) (layer F.Fab)
      (effects (font (size 1 1) (thickness 0.15)))
    )
    (fp_line (start -1 0.6) (end -1 -0.6) (layer F.Fab) (width 0.1))
    (fp_line (start -1 -0.6) (end 1 -0.6) (layer F.Fab) (width 0.1))
    (fp_line (start 1 -0.6) (end 1 0.6) (layer F.Fab) (width 0.1))
    (fp_line (start 1 0.6) (end -1 0.6) (layer F.Fab) (width 0.1))
    (fp_line (start -0.258578 -0.71) (end 0.258578 -0.71) (layer F.SilkS) (width 0.12))
    (fp_line (start -0.258578 0.71) (end 0.258578 0.71) (layer F.SilkS) (width 0.12))
    (fp_line (start -1.68 0.95) (end -1.68 -0.95) (layer F.CrtYd) (width 0.05))
    (fp_line (start -1.68 -0.95) (end 1.68 -0.95) (layer F.CrtYd) (width 0.05))
    (fp_line (start 1.68 -0.95) (end 1.68 0.95) (layer F.CrtYd) (width 0.05))
    (fp_line (start 1.68 0.95) (end -1.68 0.95) (layer F.CrtYd) (width 0.05))
    (fp_text user %R (at 0 0) (layer F.Fab)
      (effects (font (size 0.5 0.5) (thickness 0.08)))
    )
    (pad 1 smd roundrect (at -0.9375 0) (size 0.975 1.4) (layers F.Cu F.Paste F.Mask) (roundrect_rratio 0.25)
      (net 6 "Net-(C6-Pad1)"))
    (pad 2 smd roundrect (at 0.9375 0) (size 0.975 1.4) (layers F.Cu F.Paste F.Mask) (roundrect_rratio 0.25)
      (net 1 GNDPWR))
    (model ${KISYS3DMOD}/Capacitor_SMD.3dshapes/C_0805_2012Metric.wrl
      (at (xyz 0 0 0))
      (scale (xyz 1 1 1))
      (rotate (xyz 0 0 0))
    )
  )

  (module Capacitor_SMD:C_0805_2012Metric (layer F.Cu) (tedit 5B36C52B) (tstamp 5F8A4464)
    (at 87 36.75)
    (descr "Capacitor SMD 0805 (2012 Metric), square (rectangular) end terminal, IPC_7351 nominal, (Body size source: https://docs.google.com/spreadsheets/d/1BsfQQcO9C6DZCsRaXUlFlo91Tg2WpOkGARC1WS5S8t0/edit?usp=sharing), generated with kicad-footprint-generator")
    (tags capacitor)
    (path /5F68F1C3)
    (attr smd)
    (fp_text reference C7 (at 0 -1.65) (layer F.SilkS)
      (effects (font (size 1 1) (thickness 0.15)))
    )
    (fp_text value 1000 (at 0 1.65) (layer F.Fab)
      (effects (font (size 1 1) (thickness 0.15)))
    )
    (fp_line (start -1 0.6) (end -1 -0.6) (layer F.Fab) (width 0.1))
    (fp_line (start -1 -0.6) (end 1 -0.6) (layer F.Fab) (width 0.1))
    (fp_line (start 1 -0.6) (end 1 0.6) (layer F.Fab) (width 0.1))
    (fp_line (start 1 0.6) (end -1 0.6) (layer F.Fab) (width 0.1))
    (fp_line (start -0.258578 -0.71) (end 0.258578 -0.71) (layer F.SilkS) (width 0.12))
    (fp_line (start -0.258578 0.71) (end 0.258578 0.71) (layer F.SilkS) (width 0.12))
    (fp_line (start -1.68 0.95) (end -1.68 -0.95) (layer F.CrtYd) (width 0.05))
    (fp_line (start -1.68 -0.95) (end 1.68 -0.95) (layer F.CrtYd) (width 0.05))
    (fp_line (start 1.68 -0.95) (end 1.68 0.95) (layer F.CrtYd) (width 0.05))
    (fp_line (start 1.68 0.95) (end -1.68 0.95) (layer F.CrtYd) (width 0.05))
    (fp_text user %R (at 0 0) (layer F.Fab)
      (effects (font (size 0.5 0.5) (thickness 0.08)))
    )
    (pad 1 smd roundrect (at -0.9375 0) (size 0.975 1.4) (layers F.Cu F.Paste F.Mask) (roundrect_rratio 0.25)
      (net 7 "Net-(C7-Pad1)"))
    (pad 2 smd roundrect (at 0.9375 0) (size 0.975 1.4) (layers F.Cu F.Paste F.Mask) (roundrect_rratio 0.25)
      (net 1 GNDPWR))
    (model ${KISYS3DMOD}/Capacitor_SMD.3dshapes/C_0805_2012Metric.wrl
      (at (xyz 0 0 0))
      (scale (xyz 1 1 1))
      (rotate (xyz 0 0 0))
    )
  )

  (module Capacitor_SMD:C_0805_2012Metric (layer F.Cu) (tedit 5B36C52B) (tstamp 5F8A45BA)
    (at 61.5 34.75 270)
    (descr "Capacitor SMD 0805 (2012 Metric), square (rectangular) end terminal, IPC_7351 nominal, (Body size source: https://docs.google.com/spreadsheets/d/1BsfQQcO9C6DZCsRaXUlFlo91Tg2WpOkGARC1WS5S8t0/edit?usp=sharing), generated with kicad-footprint-generator")
    (tags capacitor)
    (path /5F6EF137)
    (attr smd)
    (fp_text reference C8 (at 0 -1.65 270) (layer F.SilkS)
      (effects (font (size 1 1) (thickness 0.15)))
    )
    (fp_text value C (at 0 1.65 270) (layer F.Fab)
      (effects (font (size 1 1) (thickness 0.15)))
    )
    (fp_text user %R (at 0 0 270) (layer F.Fab)
      (effects (font (size 0.5 0.5) (thickness 0.08)))
    )
    (fp_line (start 1.68 0.95) (end -1.68 0.95) (layer F.CrtYd) (width 0.05))
    (fp_line (start 1.68 -0.95) (end 1.68 0.95) (layer F.CrtYd) (width 0.05))
    (fp_line (start -1.68 -0.95) (end 1.68 -0.95) (layer F.CrtYd) (width 0.05))
    (fp_line (start -1.68 0.95) (end -1.68 -0.95) (layer F.CrtYd) (width 0.05))
    (fp_line (start -0.258578 0.71) (end 0.258578 0.71) (layer F.SilkS) (width 0.12))
    (fp_line (start -0.258578 -0.71) (end 0.258578 -0.71) (layer F.SilkS) (width 0.12))
    (fp_line (start 1 0.6) (end -1 0.6) (layer F.Fab) (width 0.1))
    (fp_line (start 1 -0.6) (end 1 0.6) (layer F.Fab) (width 0.1))
    (fp_line (start -1 -0.6) (end 1 -0.6) (layer F.Fab) (width 0.1))
    (fp_line (start -1 0.6) (end -1 -0.6) (layer F.Fab) (width 0.1))
    (pad 2 smd roundrect (at 0.9375 0 270) (size 0.975 1.4) (layers F.Cu F.Paste F.Mask) (roundrect_rratio 0.25)
      (net 8 "Net-(C8-Pad2)"))
    (pad 1 smd roundrect (at -0.9375 0 270) (size 0.975 1.4) (layers F.Cu F.Paste F.Mask) (roundrect_rratio 0.25)
      (net 9 "Net-(C8-Pad1)"))
    (model ${KISYS3DMOD}/Capacitor_SMD.3dshapes/C_0805_2012Metric.wrl
      (at (xyz 0 0 0))
      (scale (xyz 1 1 1))
      (rotate (xyz 0 0 0))
    )
  )

  (module Capacitor_SMD:C_0805_2012Metric (layer F.Cu) (tedit 5B36C52B) (tstamp 5F8A4779)
    (at 73 38.25 180)
    (descr "Capacitor SMD 0805 (2012 Metric), square (rectangular) end terminal, IPC_7351 nominal, (Body size source: https://docs.google.com/spreadsheets/d/1BsfQQcO9C6DZCsRaXUlFlo91Tg2WpOkGARC1WS5S8t0/edit?usp=sharing), generated with kicad-footprint-generator")
    (tags capacitor)
    (path /5F696B22)
    (attr smd)
    (fp_text reference C9 (at 0 -1.65 180) (layer F.SilkS)
      (effects (font (size 1 1) (thickness 0.15)))
    )
    (fp_text value 0,022mk (at 0 1.65 180) (layer F.Fab)
      (effects (font (size 1 1) (thickness 0.15)))
    )
    (fp_text user %R (at 0 0 180) (layer F.Fab)
      (effects (font (size 0.5 0.5) (thickness 0.08)))
    )
    (fp_line (start 1.68 0.95) (end -1.68 0.95) (layer F.CrtYd) (width 0.05))
    (fp_line (start 1.68 -0.95) (end 1.68 0.95) (layer F.CrtYd) (width 0.05))
    (fp_line (start -1.68 -0.95) (end 1.68 -0.95) (layer F.CrtYd) (width 0.05))
    (fp_line (start -1.68 0.95) (end -1.68 -0.95) (layer F.CrtYd) (width 0.05))
    (fp_line (start -0.258578 0.71) (end 0.258578 0.71) (layer F.SilkS) (width 0.12))
    (fp_line (start -0.258578 -0.71) (end 0.258578 -0.71) (layer F.SilkS) (width 0.12))
    (fp_line (start 1 0.6) (end -1 0.6) (layer F.Fab) (width 0.1))
    (fp_line (start 1 -0.6) (end 1 0.6) (layer F.Fab) (width 0.1))
    (fp_line (start -1 -0.6) (end 1 -0.6) (layer F.Fab) (width 0.1))
    (fp_line (start -1 0.6) (end -1 -0.6) (layer F.Fab) (width 0.1))
    (pad 2 smd roundrect (at 0.9375 0 180) (size 0.975 1.4) (layers F.Cu F.Paste F.Mask) (roundrect_rratio 0.25)
      (net 1 GNDPWR))
    (pad 1 smd roundrect (at -0.9375 0 180) (size 0.975 1.4) (layers F.Cu F.Paste F.Mask) (roundrect_rratio 0.25)
      (net 10 "Net-(C10-Pad1)"))
    (model ${KISYS3DMOD}/Capacitor_SMD.3dshapes/C_0805_2012Metric.wrl
      (at (xyz 0 0 0))
      (scale (xyz 1 1 1))
      (rotate (xyz 0 0 0))
    )
  )

  (module Capacitor_Tantalum_SMD:CP_EIA-3528-21_Kemet-B_Pad1.50x2.35mm_HandSolder (layer F.Cu) (tedit 5B342532) (tstamp 5F8A4715)
    (at 66 35.25 270)
    (descr "Tantalum Capacitor SMD Kemet-B (3528-21 Metric), IPC_7351 nominal, (Body size from: http://www.kemet.com/Lists/ProductCatalog/Attachments/253/KEM_TC101_STD.pdf), generated with kicad-footprint-generator")
    (tags "capacitor tantalum")
    (path /5F702CE9)
    (attr smd)
    (fp_text reference C10 (at 0 -2.35 270) (layer F.SilkS)
      (effects (font (size 1 1) (thickness 0.15)))
    )
    (fp_text value 22mk (at 0 2.35 270) (layer F.Fab)
      (effects (font (size 1 1) (thickness 0.15)))
    )
    (fp_line (start 1.75 -1.4) (end -1.05 -1.4) (layer F.Fab) (width 0.1))
    (fp_line (start -1.05 -1.4) (end -1.75 -0.7) (layer F.Fab) (width 0.1))
    (fp_line (start -1.75 -0.7) (end -1.75 1.4) (layer F.Fab) (width 0.1))
    (fp_line (start -1.75 1.4) (end 1.75 1.4) (layer F.Fab) (width 0.1))
    (fp_line (start 1.75 1.4) (end 1.75 -1.4) (layer F.Fab) (width 0.1))
    (fp_line (start 1.75 -1.51) (end -2.635 -1.51) (layer F.SilkS) (width 0.12))
    (fp_line (start -2.635 -1.51) (end -2.635 1.51) (layer F.SilkS) (width 0.12))
    (fp_line (start -2.635 1.51) (end 1.75 1.51) (layer F.SilkS) (width 0.12))
    (fp_line (start -2.62 1.65) (end -2.62 -1.65) (layer F.CrtYd) (width 0.05))
    (fp_line (start -2.62 -1.65) (end 2.62 -1.65) (layer F.CrtYd) (width 0.05))
    (fp_line (start 2.62 -1.65) (end 2.62 1.65) (layer F.CrtYd) (width 0.05))
    (fp_line (start 2.62 1.65) (end -2.62 1.65) (layer F.CrtYd) (width 0.05))
    (fp_text user %R (at 0 0 270) (layer F.Fab)
      (effects (font (size 0.88 0.88) (thickness 0.13)))
    )
    (pad 1 smd roundrect (at -1.625 0 270) (size 1.5 2.35) (layers F.Cu F.Paste F.Mask) (roundrect_rratio 0.166667)
      (net 10 "Net-(C10-Pad1)"))
    (pad 2 smd roundrect (at 1.625 0 270) (size 1.5 2.35) (layers F.Cu F.Paste F.Mask) (roundrect_rratio 0.166667)
      (net 1 GNDPWR))
    (model ${KISYS3DMOD}/Capacitor_Tantalum_SMD.3dshapes/CP_EIA-3528-21_Kemet-B.wrl
      (at (xyz 0 0 0))
      (scale (xyz 1 1 1))
      (rotate (xyz 0 0 0))
    )
  )

  (module Capacitor_SMD:C_0805_2012Metric (layer F.Cu) (tedit 5B36C52B) (tstamp 5F8A46E3)
    (at 55.5 44.25 270)
    (descr "Capacitor SMD 0805 (2012 Metric), square (rectangular) end terminal, IPC_7351 nominal, (Body size source: https://docs.google.com/spreadsheets/d/1BsfQQcO9C6DZCsRaXUlFlo91Tg2WpOkGARC1WS5S8t0/edit?usp=sharing), generated with kicad-footprint-generator")
    (tags capacitor)
    (path /5F6FAC40)
    (attr smd)
    (fp_text reference C11 (at 0 -1.65 270) (layer F.SilkS)
      (effects (font (size 1 1) (thickness 0.15)))
    )
    (fp_text value C (at 0 1.65 270) (layer F.Fab)
      (effects (font (size 1 1) (thickness 0.15)))
    )
    (fp_line (start -1 0.6) (end -1 -0.6) (layer F.Fab) (width 0.1))
    (fp_line (start -1 -0.6) (end 1 -0.6) (layer F.Fab) (width 0.1))
    (fp_line (start 1 -0.6) (end 1 0.6) (layer F.Fab) (width 0.1))
    (fp_line (start 1 0.6) (end -1 0.6) (layer F.Fab) (width 0.1))
    (fp_line (start -0.258578 -0.71) (end 0.258578 -0.71) (layer F.SilkS) (width 0.12))
    (fp_line (start -0.258578 0.71) (end 0.258578 0.71) (layer F.SilkS) (width 0.12))
    (fp_line (start -1.68 0.95) (end -1.68 -0.95) (layer F.CrtYd) (width 0.05))
    (fp_line (start -1.68 -0.95) (end 1.68 -0.95) (layer F.CrtYd) (width 0.05))
    (fp_line (start 1.68 -0.95) (end 1.68 0.95) (layer F.CrtYd) (width 0.05))
    (fp_line (start 1.68 0.95) (end -1.68 0.95) (layer F.CrtYd) (width 0.05))
    (fp_text user %R (at 0 0 270) (layer F.Fab)
      (effects (font (size 0.5 0.5) (thickness 0.08)))
    )
    (pad 1 smd roundrect (at -0.9375 0 270) (size 0.975 1.4) (layers F.Cu F.Paste F.Mask) (roundrect_rratio 0.25)
      (net 11 "Net-(C11-Pad1)"))
    (pad 2 smd roundrect (at 0.9375 0 270) (size 0.975 1.4) (layers F.Cu F.Paste F.Mask) (roundrect_rratio 0.25)
      (net 12 "Net-(C11-Pad2)"))
    (model ${KISYS3DMOD}/Capacitor_SMD.3dshapes/C_0805_2012Metric.wrl
      (at (xyz 0 0 0))
      (scale (xyz 1 1 1))
      (rotate (xyz 0 0 0))
    )
  )

  (module Capacitor_SMD:C_0805_2012Metric (layer F.Cu) (tedit 5B36C52B) (tstamp 5F8A467A)
    (at 41.5 44.75 270)
    (descr "Capacitor SMD 0805 (2012 Metric), square (rectangular) end terminal, IPC_7351 nominal, (Body size source: https://docs.google.com/spreadsheets/d/1BsfQQcO9C6DZCsRaXUlFlo91Tg2WpOkGARC1WS5S8t0/edit?usp=sharing), generated with kicad-footprint-generator")
    (tags capacitor)
    (path /5F72377E)
    (attr smd)
    (fp_text reference C12 (at 0 -1.65 270) (layer F.SilkS)
      (effects (font (size 1 1) (thickness 0.15)))
    )
    (fp_text value C (at 0 1.65 270) (layer F.Fab)
      (effects (font (size 1 1) (thickness 0.15)))
    )
    (fp_text user %R (at 0 0 270) (layer F.Fab)
      (effects (font (size 0.5 0.5) (thickness 0.08)))
    )
    (fp_line (start 1.68 0.95) (end -1.68 0.95) (layer F.CrtYd) (width 0.05))
